
 1   1 1095 60 1098 1014
 1   2 1014 10 1024 1729                                                           increase i to i+1
 1   3 1043 21 1098 8001    svpc  stu pc           save current it program counter (see cards 26 and 27 below)
 1   4 8001 60      1107          rau              read inst at pc                 start dissection system instr.
 1   5 1107 46 1112 1061          brmin loopb      go to loop box if instr < 0     shall the loop box be used 
 1   6 1061 30 0003 1019          srt   0003         
 1   7 1019 20 1023 1026          stl c                                            store c
 1   8 1026 60 8003 1033          rau
 1   9 1033 30 0003 1041          srt   0003
 1  10 1041 20 1045 1048          stl b                                            store b
 1  11 1048 60 8003 1105          rau
 1  12 1105 30 0003 1063          srt   0003
 1  13 1063 44 1067 1076          brnzu                                            is an o2 operation called for
 1  14 1067 10 1020 8003
 1  15 8003 69 8002 1081
                        
 1  16 1112 11 1017 1046
 1  17 1046 61 8003 1061
                        
 1  18 1076 60 8001 1034
 1  19 1034 10 1037 8003
 1  20 8003 65 1045     
                        
 1  21 1098 60      1107
 1  22 1024 00 0001     
 1  23 1020 69 8002 1081
 1  24 1037 65 1045 1000
                        
 1  25 1017 00         
                        
 1  26 1729 69 1732 1735          ld  svmlt                                        restore the multiplication
 1  27 1735 24 1539 1043          std 1539 svpc    continue                        routine (o1=3) to normal
                        
 1  28 1732 35 0002 1445    svmlt                                                  (the trig. program makes special use of it)
                        
                        
 2   1 1000 30 0003 1119
 2   2 1119 15 1030 8002
 2   3 8002 60      1096
 2   4 1096 69 9999 1120
                         
 2   5 1200 30 0003 1059
 2   6 1059 15 1162 8002
 2   7 8002 60      1016
 2   8 1016 01      1120
                        
 2   9 1201 10 1009 1015          
 2  10 1015 46 1120 1069
 2  11 1120 60 1023 1027
 2  12 1069 60 8002 1027
                        
 2  13 1202 60 1009 1013

 2  14 1013 30 0002 1021                         
 2  15 1021 67 8002 1029
 2  16 1029 30 0001 1036                          
 2  17 1036 16 1045 1012
 2  18 1012 46 1095 1120
                                                 
 2  19 1203 60 1023 1027
 2  20 1027 30 0003 1035
 2  21 1035 10 1038 1043
                                                 
 2  22 1204 65 1023 1127
 2  23 1127 30 0003 1040                          
 2  24 1040 69 1145 1151                          
 2  25 1151 22 1058 1161
 2  26 1161 15 1114 8002
 2  27 8002 67      1075
 2  28 1075 30 0003 1133
 2  29 1133 60 8002 1092                          
 2  30 1092 15 1045 1049                          
 2  31 1049 35 0003 1058                          
 2  32 1058 21      1203                         
                                                 
 2  33 1205 65 1023 1128
 2  34 1128 35 0003 8003
 2  35 8003 00                                    
                                                 
 2  36 1454 00      1095
                        
 2  37 1114 67      1075                         
 2  38 1145 21      1203                           
 2  39 1038 60      1107
 2  40 1162 60      1016
 2  41 1030 60      1096                           
                                                 
 3   1 1001 30 0005 1064
 3   2 1064 69 1017 1071
 3   3 1071 30 0002 1077
 3   4 1077 10 8001 1135
 3   5 1135 10 1138 1093                         
                                                 
 3   6 1093 11 8002 1051
 3   7 1051 46 1054 1155
 3   8 1054 10 8001 1062
 3   9 1062 21 1017 1120
 3  10 1155 16 8002 1113
 3  11 1113 20 1017 1095
                                                 
 3  12 1100 30 0001 1057
 3  13 1057 10 1017 1025                        
 3  14 1025 10 1031 1093                         
                                                 
 3  15 1101 30 0001 1008
 3  16 1008 10 1017 1074                         
 3  17 1074 10 1031 1135                         
                                                 
 3  18 1110 69 1017 1121
 3  19 1121 30 0001 1028                         

 3  20 1028 10 8001 1136                           
 3  21 1136 10 1039 1093                           
                                                   
 3  22 1111 69 1017 1171 
 3  23 1171 30 0001 1078                           
 3  24 1078 10 8001 1185                           
 3  25 1185 10 1139 1093                           
                                                   
 3  26 1010 30 0004 1343 
 3  27 1343 10 1047 1003                           
 3  28 1003 10 1017 1093                           
                                                   
 3  29 1011 30 0004 1180 
 3  30 1180 10 1138 1343                           
                                                   
 3  31 1138 00      0001                          
 3  32 1031 00 0100                                
 3  33 1047 00      1000 
 3  34 1039 00 0100 1000                          
 3  35 1139 00 0100 1001                           
                                                   
 4   1 1090 65 8002 1002
 4   2 1002 45 1109 1186
 4   3 1109 30 0003 1719
 4   4 1719 16 1024 1329                           
 4   5 1329 20 1283 1187
 4   6 1187 35 0003 1097                           
 4   7 1097 15 1023 1327                           
 4   8 1327 44 1315 1132
 4   9 1132 11 8001 1190
 4  10 1190 10 1045 1099
 4  11 1099 46 1367 1153                           
                                                   
 4  12 1153 10 8002 1312                          
 4  13 1312 30 0003 1322                           
 4  14 1322 10 1325 1330
 4  15 1330 16 1283 1388                         
 4  16 1388 15 1142 1197                           
                                                   
 4  17 1367 10 1023 1328
 4  18 1328 66 8002 1340
 4  19 1340 11 1045 1363
 4  20 1363 30 0003 1172
 4  21 1172 11 1325 1336
 4  22 1336 16 1142 1197
                        
 4  23 1197 21 1255 1176
 4  24 1176 11 1283 8003
 4  25 8003 69      8002
 4  26 8002 24      1102
 4  27 1102 11 1255 1159
 4  28 1159 44 1366 1095
 4  29 1366 10 8001 1321
 4  30 1321 10 1024 1179
 4  31 1179 15 8001 8003
 4  32 1186 65 1045 1052
 4  33 1052 30 0003 1362

 4  34 1362 15 1065 8002
 4  35 8002 60      1445
 4  36 1315 69 2222 1095
                        
 4  37 1325 69      8002
 4  38 1142 24      1102
 4  39 1065 60      1445
                        
                        
 5   1 1306 77 7777 7777
 5   2 1307 77 7777 7777
 5   3 1308 77 7777 7777
 5   4 1309 77 7777 7777
 5   5 1453 77 7777 7777
 5   6 1800 77 7777 7777
                        
 5   7 1009 55 5555 5555
 5   8 1023 55 5555 5555
 5   9 1045 55 5555 5555
                        
 5  10 1250 88 8888 8888
 5  11 1252 88 8888 8888
 5  12 1255 88 8888 8888
 5  13 1260 88 8888 8888
 5  14 1264 88 8888 8888
 5  15 1265 88 8888 8888
 5  16 1267 88 8888 8888
 5  17 1268 88 8888 8888
 5  18 1270 88 8888 8888
 5  19 1272 88 8888 8888
 5  20 1274 88 8888 8888
 5  21 1277 88 8888 8888
 5  22 1278 88 8888 8888
 5  23 1283 88 8888 8888
 5  24 1285 88 8888 8888
 5  25 1289 88 8888 8888
 5  26 1291 88 8888 8888
 5  27 1293 88 8888 8888
 5  28 1294 88 8888 8888
 5  29 1297 88 8888 8888
                        
 5  30 1356 77 7777 7777
 5  31 1314 77 7777 7777
 5  32 1317 77 7777 7777
 5  33 1323 77 7777 7777
 5  34 1378 77 7777 7777
 5  35 1381 77 7777 7777
 5  36 1337 77 7777 7777
 5  37 1391 77 7777 7777
 5  38 1396 77 7777 7777
 5  39 1066 77 7777 7777
 5  40 1044 77 7777 7777
                        
 6   1 1087 69 1140 1195
                        
 6   2 1088 69 1341 1195

 6   3 1089 69 1342 1195
                        
 6   4 1195 24 1198 1053
 6   5 1053 65 8002 1311
 6   6 1311 30 0003 1369
 6   7 1369 15 1072 8002
 6   8 8002 67      1198
 6   9 1198 35      1359
 6  10 1359 65 8002 1117
 6  11 1117 35 0003 1125
 6  12 1125 60 8003 1183
 6  13 1183 30 0003 1392
 6  14 1392 16 1045 1199
 6  15 1199 45 1203 1095
                        
 6  16 1140 35 0001 1359
 6  17 1341 35 0004 1359
 6  18 1342 35 0007 1359
 6  19 1072 67      1198
                        
 6  20 1005 65 8003 1163
                        
 6  21 1050 65 1103 1163
                        
 6  22 1500 65 1104 1163
                        
 6  23 1163 69 1116 1269
 6  24 1269 22 1274 1177
 6  25 1177 69 1080 1184
 6  26 1184 22 1289 1292
 6  27 1292 65 1045 1349
 6  28 1349 30 0003 1157
 6  29 1157 69 1160 1164
 6  30 1164 22 1267 1170
 6  31 1170 15 1073 8002
 6  32 8002 60      1210
 6  33 1289 30      1108
 6  34 1108 20 1265 1122
 6  35 1122 60 8003 1032
 6  36 1032 30 0003 1144
 6  37 1144 60 8003 1158
 6  38 1158 46 1115 1118
 6  39 1115 16 1023 1130
 6  40 1118 15 1023 1130
 6  41 1130 35 0003 1196
 6  42 1196 15 1265 1274
 6  43 1274 35      1267
 6  44 1267 21      1095
                        
 6  45 1103 00 0003     
 6  46 1116 35      1267
 6  47 1080 30      1108
 6  48 1160 21      1095
 6  49 1104 00 0006     
                        
 6  50 1006 65 1023 1079
                        
 6  51 1007 66 1023 1079

 6  52 1079 30 0007 1004
 6  53 1060 65 1023 1129
 6  54 1070 66 1023 1129
 6  55 1129 30 0004 1004
 6  56 1600 65 1023 1189
 6  57 1700 66 1023 1189
 6  58 1189 30 0001 1004
 6  59 1004 20 1260 1068
 6  60 1068 65 1045 1399
 6  61 1399 30 0003 1357
 6  62 1357 69 1360 1313
 6  63 1313 22 1267 1370
 6  64 1370 15 1123 8002
 6  65 8002 60      1348
 6  66 1348 46 1156 1106
 6  67 1106 10 1260 1267
 6  68 1156 11 1260 1267
 6  69 1267 21      1095
                        
 6  70 1360 21      1095
 6  71 1123 60      1348
 6  72 1073 60      1289
 
 7   1 8000 70 1951 1333    deck 7: program loading                                read first program card
 7   2 1333 60 1242 1124                                                           set an instruction for return 
 7   3 1124 24 1278 1194                                                           from read routine
 7   4 1194 20      1178                                                           reset 000
 7   5 1178 24 1017 1175                                                           reset the loop box
 7   6 1175 24 1986 1344                                                           reset the card counter
 7   7 1344 60 1952 1042          rau   wc         get word count from read card   test the word count,n. if n <> 0,
 7   8 1042 45 1364 1377          brnz  getw       branch if wrds to load          go to read to move n words
 7   9 1377 69 1959 1376          ld    prnum      no words. get problem num       if n=0, put the problem number
 7  10 1376 24 1985 1397          std   1985       sv pr num on punch loc          into the punch band 
 7  11 1397 69 1976 1345          ld    1976       ld trace/no trace               decide if tracing is required
 7  12 1345 24 1061 1018          std   1061       sv on gen interpret             (dep on contents of 1976)
 7  13 1018 60 1951 1126          rau   loc        get loc from read card          store the address of the
 7  14 1126 10 1038 1729          au    c          goto store result and exec op   first programmer instruction,
 7  15 1038 60      1107                                                           go to execute it (gen.int.)
 7  17 1242 70 1951 1344                                                           constant (return from read)
 
 8   1 1401 01      1131
 8   2 1131 60 8000 1445
 8   3 1400 69 1318 1174
 8   4 1174 24 1278 1486

 8   5 1486 69 1241 1168
                        
 8   6 1272 21 1277 1736
 8   7 1736 70 1951 1326
 8   8 1326 11 1951 1365
 8   9 1365 44 1315 1733
 8  10 1733 60 1291 1347
 8  11 1347 11 1952 1372
 8  12 1372 11 1277 1382
 8  13 1382 46 1315 1740
 8  14 1740 21 1285 1590
 8  15 1590 60 1952 1364
 8  16 1364 10 1324 1686    getw                   load words 
 8  17 1686 10 1951 1056
 8  18 1056 21 1268 1231
 8  19 1231 15 1188 1094
 8  20 1094 11 1952 8002
 8  21 8002 69 1953 8003
 8  22 8003 24      1320
 8  23 1320 15 1024 1335
 8  24 1335 10 8001 1193
 8  25 1193 11 1268 1373
 8  26 1373 44 1339 1278
 8  27 1339 10 8001 8002
 8  28 1278 60 1285 1390
 8  29 1390 44 1346 1095
 8  30 1346 60 1277 1584
 8  31 1584 10 1952 1166
 8  32 1166 21 1277 1736
                        
 8  33 1188 69 1953 8003
 8  34 1318 60 1285 1390
 8  35 1241 21 1277 1736
 8  36 1324 24      1320
                        
 9   1 1410 69 1964 1168    pch   ld  1964         deck 9. punching. 02=410, pch
                        
 9   2 1168 24 1272 1081                           common with read
 9   3 1081 65 1023 1232
 9   4 1232 10 1045 1361                           prepare for testing
 9   5 1361 30 0003 1319                           and initialization.
 9   6 1319 15 1024 1134
 9   7 1134 20 1291 1272
                        
 9   8 1272 21 1977 1989                           pch program only
 9   9 1989 11 8002 1998                           go to stop (in move) if
 9  10 1998 46 1966 1315                           b >= c+1
 9  11 1966 60 1969 1973
 9  12 1973 21 1978 1988                           set the word count
 9  13 1988 60 1291 1972                           let b'=first loc. not yet
 9  14 1972 11 1977 1962                           punched. if b'+5 <= c+1,
 9  15 1962 11 1978 1999                           go to punch 5 to a card.
 9  16 1999 46 1975 1961                           if not, go to further testing.
 9  17 1961 60 8001 1968
 9  18 1968 30 0004 1948                           prepare to move n words
 9  19 1948 10 1963 1970                           to the punch band
 9  20 1970 15 1974 1950

 9  21 1950 15 1977 1987
 9  22 1987 10 1990 8002
 9  23 8002 69      8003                           move one word
 9  24 8003 24 1979     
 9  25 1991 60 1986 1971                           go to punch
 9  26 1992 15 1024 1987
 9  27 1993 15 1024 1987
 9  28 1994 15 1024 1987                           return to move
 9  29 1995 15 1024 1987                           another word
 9  30 1996 15 1024 1987
 9  31 1971 10 1024 1967                           increase the card no.
 9  32 1967 21 1986 1997
 9  33 1997 71 1977 1947                           punch a card
 9  34 1947 60 1977 1946
 9  35 1946 10 1978 1965                           set the location no. 
 9  36 1965 21 1977 1966                           for the next card
 9  37 1975 10 8001 1949                           if b'=c+1, punching
 9  38 1949 44 1973 1095                           is completed.
                        
 9  39 1976 30 0003 1019                           this const. keeps trace orders inoperative during non-tracing.
 9  40 1964 21 1977 1989                           this const. will be 00 0000 1095
 9  41 1969 00 0005                                during tracing (pch inoperative)
 9  42 1990 00      9999                           constant
 9  43 1963 24 1978 1991
 9  44 1974 69      8003                           when the pch progr. is loaded
 9  45 1958 24 1978 1991                           with program loading, this instr. will load into 1963
                        
11   1 1445 21      1404
11   2 1404 21 1009 1414
11   3 1414 65 1023 1427
11   4 1427 45 1430 1095
11   5 1430 30 0003 1439
11   6 1439 15 1443 1447
11   7 1447 69      8002
11   8 8002 24      1095
                        
11   9 1443 24      1095
                        
                        
12   1 1082 24 1289 1492
12   2 1492 65 1045 1449
12   3 1449 30 0003 1457
12   4 1457 15 1460 8002
12   5 8002 60      1473
                        
12   6 1083 24 1289 1542
12   7 1542 65 1045 1599
12   8 1599 30 0003 1207
12   9 1207 15 1310 8002
12  10 8002 61      1473
                        
12  11 1473 21 1278 1483
12  12 1483 65 1289 1493
12  13 1493 45 1496 1497

12  14 1496 30 0003 1406
12  15 1406 15 1409 8002
12  16 8002 60      1446
12  17 1446 21      1405
12  18 1497 60      1405
12  19 1405 30 0002 1411
12  20 1411 20 1265 1468
12  21 1468 21 1272 1475
12  22 1475 60 1278 1583
12  23 1583 30 0002 1589
12  24 1589 20 1293 1696
12  25 1696 21 1250 1603
12  26 1603 67 8002 1661
12  27 1661 18 1265 1519
12  28 1519 30 0004 1630
12  29 1630 69 1433 1436
12  30 1436 22 1639 1442
12  31 1442 45 1697 1247
12  32 1247 65 1250 1408
12  33 1408 15 1272 1429
12  34 1429 35 0002 1435
12  35 1435 44 1489 1440
12  36 1489 31 0003 1499
12  37 1499 46 1652 1703
12  38 1652 16 1456 1461
12  39 1461 18 1265 1471
12  40 1471 35 0002 1577
12  41 1577 10 8002 1445
12  42 1703 15 1456 1611
12  43 1611 17 1265 1471
12  44 1440 45 1494 1445
12  45 1494 60 8002 1403
12  46 1403 36      1521
12  47 1521 11 8002 1479
12  48 1479 60 8003 1487
12  49 1487 30 0002 1544
12  50 1544 46 1461 1611
12  51 1697 69      1503
12  52 1503 30 0005 1415
12  53 1415 45 1418 1469
12  54 1418 46 1422 1423
12  55 1422 60 8001 1445
12  56 1423 60 1278 1445
12  57 1469 46 1472 1623
12  58 1472 65 1250 1412
12  59 1412 69 1272 1639
12  60 1639 31      1413
12  61 1413 15 8001 1429
12  62 1623 69 1293 1501
12  63 1501 24 1265 1619
12  64 1619 65 1272 1432
12  65 1432 69 1250 1639
                        
12  66 1310 61      1473
12  67 1460 60      1473
12  68 1409 60      1446
12  69 1433 31      1413
12  70 1456 01          

13   1 1084 24 1289 1592
13   2 1592 65 1045 1549
13   3 1549 30 0003 1557
13   4 1557 15 1560 8002
13   5 8002 60      1578
                        
13   6 1086 24 1289 1692
13   7 1692 65 1045 1649
13   8 1649 30 0003 1657
13   9 1657 15 1660 8002
13  10 8002 61      1578
                        
13  11 1578 21 1283 1586
13  12 1586 65 1289 1593
13  13 1593 45 1596 1597
13  14 1596 30 0003 1605
13  15 1605 15 1508 8002
13  16 8002 60      1655
13  17 1597 60      1655
13  18 1655 30 0002 1511
13  19 1511 44 1515 1316
13  20 1515 21 1270 1523
13  21 1523 20 1277 1530
13  22 1530 60 1283 1537
13  23 1537 30 0002 1543
13  24 1543 44 1547 1445
13  25 1547 21 1252 1556
13  26 1556 68 8002 1565
13  27 1565 15 1568 1573
13  28 1573 18 1277 1531
13  29 1531 20 1285 1588
13  30 1588 46 1591 1595
13  31 1591 44 1595 1546
13  32 1546 60 1252 1564
13  33 1564 19 1270 1648
13  34 1648 35 0004 1259
13  35 1259 65 8003 1717
                        
13  36 1717 35 0001 1273
13  37 1273 44 1677 1628
13  38 1677 69 1580 1533
13  39 1533 31 0003 1743
13  40 1628 69 1281 1484
13  41 1484 31 0002 1743
13  42 1743 35 0002 1299
13  43 1299 44 1253 1554
13  44 1554 46 1507 1258
13  45 1507 15 8001 1563
13  46 1258 16 8001 1563
13  47 1253 35 0007 1528
13  48 1563 60 8002 1571
13  49 1571 30 0002 1528
13  50 1528 46 1581 1532
13  51 1581 18 1285 1539
13  52 1532 17 1285 1539
13  53 1539 35 0002 1445

13  54 1595 69 5555 1338
                        
13  55 1660 61      1578
13  56 1560 60      1578
13  57 1508 60      1655
13  58 1568 49          
13  59 1580 00          
13  60 1281 00      0001
                        
13  61 1338 65 8002 1445
13  62 1316 60 8003 1539
                        
14   1 1085 24 1289 1642
14   2 1642 65 1045 1699
14   3 1699 30 0003 1607
14   4 1607 15 1610 8002
14   5 8002 60      1673
14   6 1626 21 1283 1636
14   7 1636 65 1289 1643
14   8 1643 45 1646 1647
14   9 1646 30 0003 1656
14  10 1656 15 1659 8002
14  11 8002 60      1606
14  12 1647 60      1606
14  13 1606 30 0002 1613
14  14 1613 20 1267 1620
14  15 1620 21 1274 1527
14  16 1680 60 1283 1637
14  17 1637 30 0002 1693
14  18 1693 20 1297 1650
14  19 1650 60 8003 1407
14  20 1407 35 0002 1663
14  21 1663 21 1268 1671
14  22 1671 60 1274 1629
14  23 1629 35 0001 1685
14  24 1685 21 1291 1644
14  25 1644 67 1297 1651
14  26 1651 16 1654 1510
14  27 1510 18 1267 1621
14  28 1621 46 1624 1595
14  29 1624 44 1595 1678
14  30 1678 20 1285 1638
14  31 1638 60 1291 1645
14  32 1645 64 1268 1717
                        
14  33 1610 60      1673
14  34 1659 60      1606
14  35 1654 50          
                        
14  36 1673 45 1626 1374
14  37 1527 45 1680 1445
14  38 1374 69 3333 1338
                        
                        
15   1 1350 30 0003 1169
15   2 1169 15 1022 8002
15   3 8002 67      1137
15   4 1137 60 8002 1445

15   5 1022 67      1137

16   1 1300 30 0003 1214
16   2 1214 15 1219 8002
16   3 8002 60      1206
16   4 1206 46 1670 1211
16   5 1670 69 4444 1230
16   6 1230 60 8002 1445
16   7 1211 30 0002 1218
16   8 1218 44 1223 1445
16   9 1223 20 1278 1181
16  10 1181 60 8003 1239
16  11 1239 35 0001 1248
16  12 1248 21 1255 1229
16  13 1229 60 1234 1251
16  14 1251 19 1255 1235
16  15 1235 10 1240 1245
16  16 1245 30 0001 1152
16  17 1152 10 1255 1209
16  18 1209 16 8002 1217
16  19 1217 24 1270 1227
16  20 1227 64 8001 1238
16  21 1238 20 1294 1216
16  22 1216 16 1270 1225
16  23 1225 30 0001 1182
16  24 1182 45 1236 1237
16  25 1236 65 8001 1191
16  26 1191 15 1294 1249
16  27 1249 10 1055 1210
16  28 1210 16 8002 1228
16  29 1228 19 8001 1244
16  30 1244 30 0001 1152
16  31 1237 60 1055 1222
16  32 1222 19 1278 1208
16  33 1208 35 0001 1215
16  34 1215 10 1419 1224
16  35 1224 21 1278 1233
16  36 1233 60 8002 1192
16  37 1192 44 1246 1257
16  38 1246 60 1150 1212
16  39 1212 19 1270 1220
16  40 1220 31      1243
16  41 1243 60 8002 1213
16  42 1213 35 0002 1221
16  43 1221 10 1278 1445
16  44 1257 65 1270 1226
16  45 1226 31 0002 1243
                        
16  46 1219 60      1206
16  47 1234 00      0022
16  48 1240 00      0001
16  49 1055 00      0005
16  50 1419 00      0025
16  51 1150 03 1622 7766

17   1 1301 69 1514 1467
                        
17   2 1351 69 1464 1467
                        
17   3 1467 30 0003 1425
17   4 1425 24 1485 1488
17   5 1488 15 1441 8002
17   6 8002 60      1553
17   7 1553 30 0002 1459
17   8 1459 21 1264 1417
17   9 1417 46 1420 1421
17  10 1420 69 1424 1477
17  11 1421 69 1524 1477
17  12 1477 24 1480 1633
17  13 1633 67 8002 1541
17  14 1541 16 1444 1650
17  15 1550 35 0001 1458
17  16 1458 44 1462 1512
17  17 1512 30 0005 1525
17  18 1525 46 1478 1529
17  19 1478 69 1481 1485
17  20 1529 69 1482 1485
17  21 1485 22 1495 1551
17  22 1485 22 1495 1502
17  23 1551 60 1504 1509
17  24 1509 19 1264 1631
17  25 1631 35 0002 1437
17  26 1437 67 8003 1495
17  27 1502 67 1264 1669
17  28 1669 35 0002 1495
17  29 1495 00      1465
17  30 1465 20 1270 1474
17  31 1474 21 1278 1681
17  32 1681 11 1587 1491
17  33 1491 46 1594 1393
17  34 1594 60 1548 1516
17  35 1516 19 1270 1695
17  36 1695 60 8003 1653
17  37 1653 10 1506 1466
17  38 1466 19 1270 1694
17  39 1694 60 8003 1254
17  40 1254 10 1658 1416
17  41 1416 19 1270 1448
17  42 1448 60 8003 1608
17  43 1608 10 1612 1667
17  44 1667 19 1270 1598
17  45 1598 60 8003 1558
17  46 1558 10 1562 1617
17  47 1617 19 1270 1552
17  48 1552 60 8003 1609
17  49 1609 10 1513 1567
17  50 1567 19 1270 1402
17  51 1402 60 8003 1559
17  52 1559 10 1463 1517
17  53 1517 19 1270 1602
17  54 1602 60 8003 1662
17  55 1662 10 1665 1520
17  56 1520 19 8003 1480

17  57 1480 65 8003 1687
17  58 1687 31 0001 1498
17  59 1498 35 0002 1566
17  60 1566 60 8002 1625
17  61 1625 10 1278 1683
17  62 1683 10 1587 1445
17  63 1480 21 1285 1438
17  64 1438 60 1665 1522
17  65 1522 30 0002 1679
17  66 1679 64 1285 1470
17  67 1470 35 0001 1428
17  68 1428 44 1431 1632
17  69 1632 31 0002 1641
17  70 1641 15 1444 1604
17  71 1604 35 0002 1616
17  72 1616 10 8002 1675
17  73 1675 11 1278 1445
17  74 1431 60 1434 1675
17  75 1462 46 1615 1393
17  76 1615 60 1434 1445
                        
17  77 1514 22 1495 1551
17  78 1464 22 1495 1502
17  79 1441 60      1553
17  80 1524 65 8003 1687
17  81 1424 21 1285 1438
17  82 1444 49          
17  83 1481 30      1465
17  84 1482 35      1465
17  85 1504 43 4294 4819
17  86 1587 00      0050
17  87 1548 00 0093 2643
17  88 1506 00 0255 4918
17  89 1658 00 1742 1120
17  90 1612 00 7295 1737
17  91 1562 02 5439 3575
17  92 1513 06 6273 0884
17  93 1463 11 5129 2776
17  94 1665 10          
17  95 1434 10      0050
                        
17  96 1393 69 6666 1338
                        
                        
18   1 1302 69 1807 1818
                        
18   2 1352 69 1815 1818
                        
18   3 1818 24 1821 1824
18   4 1824 30 0003 1833
18   5 1833 15 1836 8002
18   6 8002 60      1831
18   7 1831 30 0002 1837
18   8 1837 20 1291 1844
18   9 1844 44 1847 1393
18  10 1847 46 1393 1751
18  11 1751 60 8003 1809
18  12 1809 11 1812 1817

18  13 1817 46 1820 1871
18  14 1820 10 8001 1825
18  15 1825 19 1828 1814
18  16 1814 69 1867 1870
18  17 1871 10 8001 1827
18  18 1827 19 1830 1813
18  19 1813 69 1816 1870
18  20 1870 24 1274 1877
18  21 1877 35 0002 1883
18  22 1883 10 1886 1841
18  23 1841 21 1297 1802
18  24 1802 11 1869 1891
18  25 1891 64 1297 1876
18  26 1876 60 8002 1885
18  27 1885 24 1289 1892
18  28 1892 19 8001 1860
18  29 1860 21 1264 1767
18  30 1767 60 8001 1823
18  31 1823 19 1776 1894
18  32 1894 60 8003 1851
18  33 1851 10 1856 1861
18  34 1861 19 1264 1890
18  35 1890 60 8003 1850
18  36 1850 10 1855 1859
18  37 1859 19 1264 1792
18  38 1792 60 8003 1899
18  39 1899 10 1853 1858
18  40 1858 19 1264 1889
18  41 1889 60 8003 1898
18  42 1898 10 1852 1857
18  43 1857 19 1264 1805
18  44 1805 30 0001 1866
18  45 1866 10 1869 1873
18  46 1873 60 8003 1884
18  47 1884 19 1289 1821
18  48 1821 10 1274     
                        
18  49 1829 21 1285 1838
18  50 1838 60 1291 1845
18  51 1845 11 1848 1803
18  52 1803 19 1806 1882
18  53 1881 60 8003 1839
18  54 1839 19 1842 1826
18  55 1826 21 1285 1888
18  56 1888 60 1291 1895
18  57 1895 11 1848 1822
18  58 1822 30 0001 1882
                        
18  59 1882 69 1285 1840
18  60 1840 30 0008 1810
18  61 1810 15 8001 1819
18  62 1819 35 0004 1880
18  63 1880 44 1835 1893
18  64 1835 35 0004 1846
18  65 1846 44 1849 1445
18  66 1849 36      1862
18  67 1862 69 1865 1868
18  68 1868 23 1272 1875

18  69 1875 65 8003 1834
18  70 1834 31 0002 1843
18  71 1843 35 0002 1750
18  72 1804 46 1808 1811
18  73 1811 16 1272 1878
18  74 1878 15 1832 1887
18  75 1808 15 1272 1879
18  76 1879 16 1832 1887
18  77 1887 60 8002 1445
                        
18  78 1750 44 1854 1804
18  79 1854 30 0001 1863
18  81 1874 15 1896 1804
18  82 1872 16 1896 1804
                        
18  83 1893 01      1835
                        
18  84 1807 10 1274 1829
18  85 1815 10 1274 1881
18  86 1836 60      1831
18  87 1812 00 2718 2818
18  88 1828 60 6530 6597
18  89 1867 05          
18  80 1863 46 1872 1874
18  90 1816 16 5000     
18  91 1830 19 2049 9086
18  92 1886 10          
18  93 1869 20          
18  94 1832 00      0052
18  95 1848 50          
18  96 1806 23 0258 5093
18  97 1842 43 4294 4819
18  98 1776 18 1818 1818
18  99 1856 22 2222 2222
18 100 1855 28 5714 2857
18 101 1853 40          
18 102 1852 66 6666 6666
18 103 1896 00      0001
18 104 1865 00          
                        
                        
19   1 1303 69 1256 1614
19   2 1614 24 1267 1721
19   3 1721 69 1526 1579
                        
19   4 1304 69 1707 1664
19   5 1664 24 1267 1622
19   6 1622 69 1576 1579
                        
19   7 1579 24 1283 1536
19   8 1536 65 8002 1545
19   9 1545 30 0003 1455
19  10 1455 15 1561 8002
19  11 8002 60      1574
19  12 1574 21 1278 1582
19  13 1582 30 0002 1689
19  14 1689 21 1252 1267
19  15 1267 00          

19  16 1575 68 8002 1538
19  17 1538 15 1691 1295
19  18 1295 45 1298 1749
19  19 1298 46 1569 1674
19  20 1749 67 1252 1708
19  21 1708 15 1711 1666
19  22 1666 44 1569 1674
19  23 1674 60 1278 1445
19  24 1569 68 1272 1627
19  25 1627 15 1444 1601
19  26 1601 35 0001 1709
19  27 1709 44 1276 1714
19  28 1714 30 0005 1727
19  29 1727 46 1682 1282
19  30 1282 69 1635 1688
19  31 1688 22 1293 1715
19  32 1682 69 1535 1738
19  33 1738 22 1293 1746
19  34 1746 15 1702 1710
19  35 1710 46 1375 1715
19  36 1375 01      1715
19  37 1715 60 1618 1426
19  38 1426 19 1252 1718
19  39 1718 35 0002 1293
19  40 1293 00      1716
19  41 1716 30 0001 1723
19  42 1723 46 1476 1741
19  43 1476 10 1886 1741
19  44 1741 61 8003 1704
19  45 1704 10 8003 1713
19  46 1713 10 8003 1283
19  47 1283 00 1886 1742
19  48 1742 10 8001 1747
19  49 1747 46 1705 1706
19  50 1705 10 8001 1262
19  51 1262 46 1266 1748
19  52 1266 10 8001 1271
19  53 1271 46 1676 1634
19  54 1676 10 8001 1540
19  55 1706 11 8001 1540
19  56 1540 61 8003 1748
19  57 1748 30 0009 1720
19  58 1634 11 8001 1748
19  59 1720 44 1383 1724
19  60 1724 20 1285 1288
19  61 1288 60 8001 1744
19  62 1744 19 8001 1745
19  63 1745 21 1250 1712
19  64 1712 60 8003 1668
19  65 1668 19 1572 1730
19  66 1730 60 8003 1387
19  67 1387 11 1490 1296
19  68 1296 19 1250 1368
19  69 1368 60 8003 1728
19  70 1728 10 1534 1290
19  71 1290 19 1250 1371
19  72 1371 60 8003 1280
19  73 1280 11 1684 1389

19  74 1389 19 1250 1275
19  75 1275 30 0001 1734
19  76 1734 60 8003 1394
19  77 1394 10 1398 1726
19  78 1726 19 1285 1640
19  79 1640 65 8003 1672
19  80 1672 35 0001 1279
19  81 1279 44 1383 1284
19  82 1383 31 0003 1722
19  83 1722 35 0002 1379
19  84 1284 31 0002 1395
19  85 1395 35 0001 1379
19  86 1379 60 8002 1737
19  87 1737 36      1263
19  88 1263 11 8002 1725
19  89 1725 46 1286 1287
19  90 1287 10 1690 1445
19  91 1286 11 1690 1445
19  92 1276 46 1393 1380
19  93 1380 60 1865 1283
                        
19  94 1256 20 1272 1575
19  95 1526 69 1886 1742
19  96 1707 68 8002 1627
19  97 1576 11 1886 1742
19  98 1561 60      1574
19  99 1691 47          
19 100 1711 99 7500     
19 101 1635 30      1716
19 102 1535 35      1716
19 103 1702 00 0003     
19 104 1618 15 9154 9430
19 105 1572 00 0151 4842
19 106 1490 00 4673 7656
19 107 1534 07 9689 6793
19 108 1684 64 5963 7111
19 109 1398 15 7079 6318
19 110 1690 00      0050
19 111 1444 49          
                        
19 112 1353 69 1384 1739
                        
19 113 1354 69 1385 1739
                        
19 114 1739 24 1293 1505
19 115 1505 69 1261 1585
19 116 1585 24 1539 1698
19 117 1698 20 1289 1555
19 118 1555 60 1167 1578
                        
19 119 1384 21      1303
19 120 1385 21      1304
19 121 1261 35 0002 1293
19 122 1167 17 4532 9348
                        
                        
20   1 1305 69 1758 1761

20   2 1355 69 1908 1761
                       
20   3 1761 24 1264 1917
20   4 1917 30 0003 1925
20   5 1925 15 1928 8002
20   6 8002 60      1941
20   7 1941 21 1297 1900
20   8 1900 30 0002 1757
20   9 1757 21 1265 1768
20  10 1768 46 1771 1772
20  11 1771 69 1774 1778
20  12 1772 69 1775 1778
20  13 1778 24 1283 1786
20  14 1786 68 8002 1795
20  15 1795 15 1568 1773
20  16 1773 35 0001 1779
20  17 1779 44 1783 1784
20  18 1783 46 1937 1930
20  19 1784 30 0005 1897
20  20 1897 69 1901 1754
20  21 1754 22 1260 1763
20  22 1763 46 1766 1918
20  23 1918 16 1921 1926
20  24 1926 46 1929 1930
20  25 1930 60 1297 1264
20  26 1929 65 1265 1769
20  27 1769 69 1922 1777
20  28 1766 60 1919 1923
20  29 1923 64 1265 1770
20  30 1770 69 1924 1777
20  31 1777 24 1285 1788
20  32 1788 35 0001 1260
20  33 1260 30      1781
20  34 1781 67 8002 1789
20  35 1789 20 1293 1796
20  36 1796 15 1799 1752
20  37 1752 44 1755 1756
20  38 1755 60 1759 1913
20  39 1913 19 1293 1927
20  40 1927 35 0001 1933
20  41 1933 10 1665 1920
20  42 1920 21 1277 1780
20  43 1780 60 1293 1797
20  44 1797 11 1759 1764
20  45 1764 64 1277 1902
20  46 1902 69 1905 1909
20  47 1756 65 1293 1147
20  48 1147 35 0001 1753
20  49 1753 69 1906 1909
20  50 1909 24 1267 1570
20  51 1570 20 1278 1931
20  52 1931 60 8002 1939
20  53 1939 19 8001 1945
20  54 1945 21 1250 1903
20  55 1903 61 8003 1911
20  56 1911 19 1776 1940
20  57 1940 60 8003 1149
20  58 1149 10 1856 1762

20  59 1762 19 1250 1790
20  60 1790 60 8003 1798
20  61 1798 11 1855 1914
20  62 1914 19 1250 1938
20  63 1938 60 8003 1148
20  64 1148 10 1853 1760
20  65 1760 19 1250 1787
20  66 1787 60 8003 1146
20  67 1146 11 1852 1907
20  68 1907 19 1250 1904
20  69 1904 30 0001 1912
20  70 1912 60 8003 1782
20  71 1782 10 1785 1791
20  72 1791 19 1278 1932
20  73 1932 60 8003 1143
20  74 1267 10      1285
20  75 1285 00 8003     
20  76 1943 15 1701 1910
20  77 1910 35 0001 1934
20  78 1934 44 1942 1793
20  79 1942 31 0003 1915
20  80 1915 35 0002 1935
20  81 1793 31 0002 1916
20  82 1916 35 0001 1935
20  83 1935 60 8002 1944
20  84 1944 36      1765
20  85 1765 11 8002 1864
20  86 1864 10 1518 1283
20  87 1283 00 8003 1264
20  88 1264 00          
20  89 1936 60 1794 1655
20  90 1937 65 1701 1910
                        
20  91 1758 00      1445
20  92 1908 21 1283 1936
20  93 1928 60      1941
20  94 1774 61 8003 1264
20  95 1775 60 8003 1264
20  96 1568 49          
20  97 1901 30      1781
20  98 1921 00 0003     
20  99 1922 65 8003 1910
20 100 1919 00 0100     
20 101 1224 66 8003 1943
20 102 1799 97 2000
20 103 1759 06          
20 104 1665 10          
20 105 1905 10 1731 1285
20 106 1906 10 1580 1285
20 107 1785 20          
20 108 1731 05 4041 9500
20 109 1580 00          
20 110 1701 15 7079 6327
20 111 1518 00      0050
20 112 1794 57 2957 8051
20 113 1801 50         
                        
20 114 1143 19 1801 1267
                        
