10   1 1061 21 1980 1386
10   2 1386 30 0003 1946
10   3 1946 20 1023 1947
10   4 1947 60 8003 1948
10   5 1948 30 0003 1949
10   6 1949 20 1045 1950
10   7 1950 60 8003 1961
10   8 1961 24 1260 1962
10   9 1962 30 0003 1963
10  10 1963 44 1965 1968
10  11 1965 65 8002 1966
10  12 1966 30 0003 1967
10  13 1967 15 1998 8002
10  14 8002 60      1968
10  15 1968 21 1982 1969
10  16 1969 65 1045 1970
10  17 1970 30 0003 1971
10  18 1971 15 1999 8002
10  19 8002 69      1972
10  20 1972 24 1983 1973
10  21 1973 69      1974
10  22 1974 24 1984 1975
10  23 1975 69 1017 1987
10  24 1987 24 1981 1988
10  25 1988 65 1098 1989
10  26 1989 24 1977 1990
10  27 1990 15 1997 8002
10  28 8002 69          
10  29 1991 24 1979 1992
10  30 1992 65 1986 1993
10  31 1993 15 1024 1994
10  32 1994 20 1986 1995
10  33 1995 71 1977 1996
10  34 1996 60 1260 1105
                        
10  35 1450 69 1976 1331
10  36 1331 24 1061 1095
                        
10  37 1451 69 1154 1358
10  38 1358 24 1061 1095
                        
10  39 1452 69 1976 1332
10  40 1332 24 1061 1091
10  41 1091 65 1098 1165
10  42 1165 16 1173 1334
10  43 1334 69 1141 8002
10  44 8002 24      1095
                        
10  45 1997 09      0884
10  46 1998 60      1968
10  47 1999 69      1972
10  48 1141 04 5400     
10  49 1173 36      0012
10  50 1154 30 0003 1019
10  51 1978 00 0006 0008
10  52 1964 00      1095
10  53 1976 21 1980 1386
10  54 1024 00 0001     
10  55 1958 44 1965 1968
